1 cong_state1_car
53 Car
15:30:00
00:05:00
41142 41146 2.5
41142 41150 1.66666666667
41142 41154 1.66666666667
41142 41158 2.5
41142 41162 1.66666666667
41142 41166 38.91
41144 41166 0.0
41144 41146 0
41144 41150 0
41144 41154 0
41144 41158 0
41144 41162 0
41148 41166 0.0
41148 41146 0
41148 41150 0
41148 41154 0
41148 41158 0
41148 41162 0
41152 41166 0.0
41152 41146 0
41152 41150 0
41152 41154 0
41152 41158 0
41152 41162 0
41156 41166 0.0
41156 41146 0
41156 41150 0
41156 41154 0
41156 41158 0
41156 41162 0
41160 41166 0.0
41160 41146 0
41160 41150 0
41160 41154 0
41160 41158 0
41160 41162 0
41164 41166 0.0
41164 41146 0
41164 41150 0
41164 41154 0
41164 41158 0
41164 41162 0

2 cong_state1_truck
56 Truck
15:30:00
00:05:00
41142 41146 0
41142 41150 0
41142 41154 0
41142 41158 0
41142 41162 3.33333333333
41142 41166 14.7566666667
41144 41166 0.0
41144 41146 0
41144 41150 0
41144 41154 0
41144 41158 0
41144 41162 0
41148 41166 0.0
41148 41146 0
41148 41150 0
41148 41154 0
41148 41158 0
41148 41162 0
41152 41166 0.0
41152 41146 0
41152 41150 0
41152 41154 0
41152 41158 0
41152 41162 0
41156 41166 0.0
41156 41146 0
41156 41150 0
41156 41154 0
41156 41158 0
41156 41162 0
41160 41166 0.0
41160 41146 0
41160 41150 0
41160 41154 0
41160 41158 0
41160 41162 0
41164 41166 0.0
41164 41146 0
41164 41150 0
41164 41154 0
41164 41158 0
41164 41162 0

3 cong_state2_car
53 Car
15:35:00
00:05:00
41142 41146 2.5
41142 41150 1.66666666667
41142 41154 1.66666666667
41142 41158 2.5
41142 41162 1.66666666667
41142 41166 38.91
41144 41166 0.0
41144 41146 0
41144 41150 0
41144 41154 0
41144 41158 0
41144 41162 0
41148 41166 0.0
41148 41146 0
41148 41150 0
41148 41154 0
41148 41158 0
41148 41162 0
41152 41166 0.0
41152 41146 0
41152 41150 0
41152 41154 0
41152 41158 0
41152 41162 0
41156 41166 0.0
41156 41146 0
41156 41150 0
41156 41154 0
41156 41158 0
41156 41162 0
41160 41166 0.0
41160 41146 0
41160 41150 0
41160 41154 0
41160 41158 0
41160 41162 0
41164 41166 0.0
41164 41146 0
41164 41150 0
41164 41154 0
41164 41158 0
41164 41162 0

4 cong_state2_truck
56 Truck
15:35:00
00:05:00
41142 41146 0
41142 41150 0
41142 41154 0
41142 41158 0
41142 41162 3.33333333333
41142 41166 14.7566666667
41144 41166 0.0
41144 41146 0
41144 41150 0
41144 41154 0
41144 41158 0
41144 41162 0
41148 41166 0.0
41148 41146 0
41148 41150 0
41148 41154 0
41148 41158 0
41148 41162 0
41152 41166 0.0
41152 41146 0
41152 41150 0
41152 41154 0
41152 41158 0
41152 41162 0
41156 41166 0.0
41156 41146 0
41156 41150 0
41156 41154 0
41156 41158 0
41156 41162 0
41160 41166 0.0
41160 41146 0
41160 41150 0
41160 41154 0
41160 41158 0
41160 41162 0
41164 41166 0.0
41164 41146 0
41164 41150 0
41164 41154 0
41164 41158 0
41164 41162 0

5 cong_state3_car
53 Car
15:40:00
00:05:00
41142 41146 2.5
41142 41150 1.66666666667
41142 41154 1.66666666667
41142 41158 2.5
41142 41162 1.66666666667
41142 41166 38.91
41144 41166 0.0
41144 41146 0
41144 41150 0
41144 41154 0
41144 41158 0
41144 41162 0
41148 41166 0.0
41148 41146 0
41148 41150 0
41148 41154 0
41148 41158 0
41148 41162 0
41152 41166 0.0
41152 41146 0
41152 41150 0
41152 41154 0
41152 41158 0
41152 41162 0
41156 41166 0.0
41156 41146 0
41156 41150 0
41156 41154 0
41156 41158 0
41156 41162 0
41160 41166 0.0
41160 41146 0
41160 41150 0
41160 41154 0
41160 41158 0
41160 41162 0
41164 41166 0.0
41164 41146 0
41164 41150 0
41164 41154 0
41164 41158 0
41164 41162 0

6 cong_state3_truck
56 Truck
15:40:00
00:05:00
41142 41146 0
41142 41150 0
41142 41154 0
41142 41158 0
41142 41162 3.33333333333
41142 41166 14.7566666667
41144 41166 0.0
41144 41146 0
41144 41150 0
41144 41154 0
41144 41158 0
41144 41162 0
41148 41166 0.0
41148 41146 0
41148 41150 0
41148 41154 0
41148 41158 0
41148 41162 0
41152 41166 0.0
41152 41146 0
41152 41150 0
41152 41154 0
41152 41158 0
41152 41162 0
41156 41166 0.0
41156 41146 0
41156 41150 0
41156 41154 0
41156 41158 0
41156 41162 0
41160 41166 0.0
41160 41146 0
41160 41150 0
41160 41154 0
41160 41158 0
41160 41162 0
41164 41166 0.0
41164 41146 0
41164 41150 0
41164 41154 0
41164 41158 0
41164 41162 0

7 cong_state4_car
53 Car
15:45:00
00:05:00
41142 41146 2.5
41142 41150 1.66666666667
41142 41154 1.66666666667
41142 41158 2.5
41142 41162 1.66666666667
41142 41166 38.91
41144 41166 0.0
41144 41146 0
41144 41150 0
41144 41154 0
41144 41158 0
41144 41162 0
41148 41166 0.0
41148 41146 0
41148 41150 0
41148 41154 0
41148 41158 0
41148 41162 0
41152 41166 0.0
41152 41146 0
41152 41150 0
41152 41154 0
41152 41158 0
41152 41162 0
41156 41166 0.0
41156 41146 0
41156 41150 0
41156 41154 0
41156 41158 0
41156 41162 0
41160 41166 0.0
41160 41146 0
41160 41150 0
41160 41154 0
41160 41158 0
41160 41162 0
41164 41166 0.0
41164 41146 0
41164 41150 0
41164 41154 0
41164 41158 0
41164 41162 0

8 cong_state4_truck
56 Truck
15:45:00
00:05:00
41142 41146 0
41142 41150 0
41142 41154 0
41142 41158 0
41142 41162 3.33333333333
41142 41166 14.7566666667
41144 41166 0.0
41144 41146 0
41144 41150 0
41144 41154 0
41144 41158 0
41144 41162 0
41148 41166 0.0
41148 41146 0
41148 41150 0
41148 41154 0
41148 41158 0
41148 41162 0
41152 41166 0.0
41152 41146 0
41152 41150 0
41152 41154 0
41152 41158 0
41152 41162 0
41156 41166 0.0
41156 41146 0
41156 41150 0
41156 41154 0
41156 41158 0
41156 41162 0
41160 41166 0.0
41160 41146 0
41160 41150 0
41160 41154 0
41160 41158 0
41160 41162 0
41164 41166 0.0
41164 41146 0
41164 41150 0
41164 41154 0
41164 41158 0
41164 41162 0

9 cong_state5_car
53 Car
15:50:00
00:05:00
41142 41146 2.5
41142 41150 1.66666666667
41142 41154 1.66666666667
41142 41158 2.5
41142 41162 1.66666666667
41142 41166 38.91
41144 41166 0.0
41144 41146 0
41144 41150 0
41144 41154 0
41144 41158 0
41144 41162 0
41148 41166 0.0
41148 41146 0
41148 41150 0
41148 41154 0
41148 41158 0
41148 41162 0
41152 41166 0.0
41152 41146 0
41152 41150 0
41152 41154 0
41152 41158 0
41152 41162 0
41156 41166 0.0
41156 41146 0
41156 41150 0
41156 41154 0
41156 41158 0
41156 41162 0
41160 41166 0.0
41160 41146 0
41160 41150 0
41160 41154 0
41160 41158 0
41160 41162 0
41164 41166 0.0
41164 41146 0
41164 41150 0
41164 41154 0
41164 41158 0
41164 41162 0

10 cong_state5_truck
56 Truck
15:50:00
00:05:00
41142 41146 0
41142 41150 0
41142 41154 0
41142 41158 0
41142 41162 3.33333333333
41142 41166 14.7566666667
41144 41166 0.0
41144 41146 0
41144 41150 0
41144 41154 0
41144 41158 0
41144 41162 0
41148 41166 0.0
41148 41146 0
41148 41150 0
41148 41154 0
41148 41158 0
41148 41162 0
41152 41166 0.0
41152 41146 0
41152 41150 0
41152 41154 0
41152 41158 0
41152 41162 0
41156 41166 0.0
41156 41146 0
41156 41150 0
41156 41154 0
41156 41158 0
41156 41162 0
41160 41166 0.0
41160 41146 0
41160 41150 0
41160 41154 0
41160 41158 0
41160 41162 0
41164 41166 0.0
41164 41146 0
41164 41150 0
41164 41154 0
41164 41158 0
41164 41162 0

11 cong_state6_car
53 Car
15:55:00
00:05:00
41142 41146 2.5
41142 41150 1.66666666667
41142 41154 1.66666666667
41142 41158 2.5
41142 41162 1.66666666667
41142 41166 87.09
41144 41166 0.0
41144 41146 0
41144 41150 0
41144 41154 0
41144 41158 0
41144 41162 0
41148 41166 0.0
41148 41146 0
41148 41150 0
41148 41154 0
41148 41158 0
41148 41162 0
41152 41166 0.0
41152 41146 0
41152 41150 0
41152 41154 0
41152 41158 0
41152 41162 0
41156 41166 0.0
41156 41146 0
41156 41150 0
41156 41154 0
41156 41158 0
41156 41162 0
41160 41166 0.0
41160 41146 0
41160 41150 0
41160 41154 0
41160 41158 0
41160 41162 0
41164 41166 0.0
41164 41146 0
41164 41150 0
41164 41154 0
41164 41158 0
41164 41162 0

12 cong_state6_truck
56 Truck
15:55:00
00:05:00
41142 41146 0
41142 41150 0
41142 41154 0
41142 41158 0
41142 41162 3.33333333333
41142 41166 32.5766666667
41144 41166 0.0
41144 41146 0
41144 41150 0
41144 41154 0
41144 41158 0
41144 41162 0
41148 41166 0.0
41148 41146 0
41148 41150 0
41148 41154 0
41148 41158 0
41148 41162 0
41152 41166 0.0
41152 41146 0
41152 41150 0
41152 41154 0
41152 41158 0
41152 41162 0
41156 41166 0.0
41156 41146 0
41156 41150 0
41156 41154 0
41156 41158 0
41156 41162 0
41160 41166 0.0
41160 41146 0
41160 41150 0
41160 41154 0
41160 41158 0
41160 41162 0
41164 41166 0.0
41164 41146 0
41164 41150 0
41164 41154 0
41164 41158 0
41164 41162 0

13 cong_state7_car
53 Car
16:00:00
00:05:00
41142 41146 2.5
41142 41150 1.66666666667
41142 41154 1.66666666667
41142 41158 2.5
41142 41162 1.66666666667
41142 41166 87.09
41144 41166 0.0
41144 41146 0
41144 41150 0
41144 41154 0
41144 41158 0
41144 41162 0
41148 41166 0.0
41148 41146 0
41148 41150 0
41148 41154 0
41148 41158 0
41148 41162 0
41152 41166 0.0
41152 41146 0
41152 41150 0
41152 41154 0
41152 41158 0
41152 41162 0
41156 41166 0.0
41156 41146 0
41156 41150 0
41156 41154 0
41156 41158 0
41156 41162 0
41160 41166 0.0
41160 41146 0
41160 41150 0
41160 41154 0
41160 41158 0
41160 41162 0
41164 41166 0.0
41164 41146 0
41164 41150 0
41164 41154 0
41164 41158 0
41164 41162 0

14 cong_state7_truck
56 Truck
16:00:00
00:05:00
41142 41146 0
41142 41150 0
41142 41154 0
41142 41158 0
41142 41162 3.33333333333
41142 41166 32.5766666667
41144 41166 0.0
41144 41146 0
41144 41150 0
41144 41154 0
41144 41158 0
41144 41162 0
41148 41166 0.0
41148 41146 0
41148 41150 0
41148 41154 0
41148 41158 0
41148 41162 0
41152 41166 0.0
41152 41146 0
41152 41150 0
41152 41154 0
41152 41158 0
41152 41162 0
41156 41166 0.0
41156 41146 0
41156 41150 0
41156 41154 0
41156 41158 0
41156 41162 0
41160 41166 0.0
41160 41146 0
41160 41150 0
41160 41154 0
41160 41158 0
41160 41162 0
41164 41166 0.0
41164 41146 0
41164 41150 0
41164 41154 0
41164 41158 0
41164 41162 0

15 cong_state8_car
53 Car
16:05:00
00:05:00
41142 41146 2.5
41142 41150 1.66666666667
41142 41154 1.66666666667
41142 41158 2.5
41142 41162 1.66666666667
41142 41166 87.09
41144 41166 0.0
41144 41146 0
41144 41150 0
41144 41154 0
41144 41158 0
41144 41162 0
41148 41166 0.0
41148 41146 0
41148 41150 0
41148 41154 0
41148 41158 0
41148 41162 0
41152 41166 0.0
41152 41146 0
41152 41150 0
41152 41154 0
41152 41158 0
41152 41162 0
41156 41166 0.0
41156 41146 0
41156 41150 0
41156 41154 0
41156 41158 0
41156 41162 0
41160 41166 0.0
41160 41146 0
41160 41150 0
41160 41154 0
41160 41158 0
41160 41162 0
41164 41166 0.0
41164 41146 0
41164 41150 0
41164 41154 0
41164 41158 0
41164 41162 0

16 cong_state8_truck
56 Truck
16:05:00
00:05:00
41142 41146 0
41142 41150 0
41142 41154 0
41142 41158 0
41142 41162 3.33333333333
41142 41166 32.5766666667
41144 41166 0.0
41144 41146 0
41144 41150 0
41144 41154 0
41144 41158 0
41144 41162 0
41148 41166 0.0
41148 41146 0
41148 41150 0
41148 41154 0
41148 41158 0
41148 41162 0
41152 41166 0.0
41152 41146 0
41152 41150 0
41152 41154 0
41152 41158 0
41152 41162 0
41156 41166 0.0
41156 41146 0
41156 41150 0
41156 41154 0
41156 41158 0
41156 41162 0
41160 41166 0.0
41160 41146 0
41160 41150 0
41160 41154 0
41160 41158 0
41160 41162 0
41164 41166 0.0
41164 41146 0
41164 41150 0
41164 41154 0
41164 41158 0
41164 41162 0

17 cong_state9_car
53 Car
16:10:00
00:05:00
41142 41146 2.5
41142 41150 1.66666666667
41142 41154 1.66666666667
41142 41158 2.5
41142 41162 1.66666666667
41142 41166 87.09
41144 41166 0.0
41144 41146 0
41144 41150 0
41144 41154 0
41144 41158 0
41144 41162 0
41148 41166 0.0
41148 41146 0
41148 41150 0
41148 41154 0
41148 41158 0
41148 41162 0
41152 41166 0.0
41152 41146 0
41152 41150 0
41152 41154 0
41152 41158 0
41152 41162 0
41156 41166 0.0
41156 41146 0
41156 41150 0
41156 41154 0
41156 41158 0
41156 41162 0
41160 41166 0.0
41160 41146 0
41160 41150 0
41160 41154 0
41160 41158 0
41160 41162 0
41164 41166 0.0
41164 41146 0
41164 41150 0
41164 41154 0
41164 41158 0
41164 41162 0

18 cong_state9_truck
56 Truck
16:10:00
00:05:00
41142 41146 0
41142 41150 0
41142 41154 0
41142 41158 0
41142 41162 3.33333333333
41142 41166 32.5766666667
41144 41166 0.0
41144 41146 0
41144 41150 0
41144 41154 0
41144 41158 0
41144 41162 0
41148 41166 0.0
41148 41146 0
41148 41150 0
41148 41154 0
41148 41158 0
41148 41162 0
41152 41166 0.0
41152 41146 0
41152 41150 0
41152 41154 0
41152 41158 0
41152 41162 0
41156 41166 0.0
41156 41146 0
41156 41150 0
41156 41154 0
41156 41158 0
41156 41162 0
41160 41166 0.0
41160 41146 0
41160 41150 0
41160 41154 0
41160 41158 0
41160 41162 0
41164 41166 0.0
41164 41146 0
41164 41150 0
41164 41154 0
41164 41158 0
41164 41162 0

19 cong_state10_car
53 Car
16:15:00
00:05:00
41142 41146 4.16666666667
41142 41150 3.33333333333
41142 41154 1.66666666667
41142 41158 2.5
41142 41162 1.66666666667
41142 41166 83.7566666667
41144 41166 0.0
41144 41146 0
41144 41150 0
41144 41154 0
41144 41158 0
41144 41162 0
41148 41166 0.0
41148 41146 0
41148 41150 0
41148 41154 0
41148 41158 0
41148 41162 0
41152 41166 0.0
41152 41146 0
41152 41150 0
41152 41154 0
41152 41158 0
41152 41162 0
41156 41166 0.0
41156 41146 0
41156 41150 0
41156 41154 0
41156 41158 0
41156 41162 0
41160 41166 0.0
41160 41146 0
41160 41150 0
41160 41154 0
41160 41158 0
41160 41162 0
41164 41166 0.0
41164 41146 0
41164 41150 0
41164 41154 0
41164 41158 0
41164 41162 0

20 cong_state10_truck
56 Truck
16:15:00
00:05:00
41142 41146 0
41142 41150 0
41142 41154 0
41142 41158 0
41142 41162 3.33333333333
41142 41166 32.5766666667
41144 41166 0.0
41144 41146 0
41144 41150 0
41144 41154 0
41144 41158 0
41144 41162 0
41148 41166 0.0
41148 41146 0
41148 41150 0
41148 41154 0
41148 41158 0
41148 41162 0
41152 41166 0.0
41152 41146 0
41152 41150 0
41152 41154 0
41152 41158 0
41152 41162 0
41156 41166 0.0
41156 41146 0
41156 41150 0
41156 41154 0
41156 41158 0
41156 41162 0
41160 41166 0.0
41160 41146 0
41160 41150 0
41160 41154 0
41160 41158 0
41160 41162 0
41164 41166 0.0
41164 41146 0
41164 41150 0
41164 41154 0
41164 41158 0
41164 41162 0

21 cong_state11_car
53 Car
16:20:00
00:05:00
41142 41146 4.16666666667
41142 41150 3.33333333333
41142 41154 3.33333333333
41142 41158 2.5
41142 41162 2.16666666667
41142 41166 130.5
41144 41166 0.0
41144 41146 0
41144 41150 0
41144 41154 0
41144 41158 0
41144 41162 0
41148 41166 0.0
41148 41146 0
41148 41150 0
41148 41154 0
41148 41158 0
41148 41162 0
41152 41166 0.0
41152 41146 0
41152 41150 0
41152 41154 0
41152 41158 0
41152 41162 0
41156 41166 0.0
41156 41146 0
41156 41150 0
41156 41154 0
41156 41158 0
41156 41162 0
41160 41166 0.0
41160 41146 0
41160 41150 0
41160 41154 0
41160 41158 0
41160 41162 0
41164 41166 0.0
41164 41146 0
41164 41150 0
41164 41154 0
41164 41158 0
41164 41162 0

22 cong_state11_truck
56 Truck
16:20:00
00:05:00
41142 41146 0
41142 41150 0
41142 41154 0
41142 41158 0
41142 41162 4.5
41142 41166 49.5
41144 41166 0.0
41144 41146 0
41144 41150 0
41144 41154 0
41144 41158 0
41144 41162 0
41148 41166 0.0
41148 41146 0
41148 41150 0
41148 41154 0
41148 41158 0
41148 41162 0
41152 41166 0.0
41152 41146 0
41152 41150 0
41152 41154 0
41152 41158 0
41152 41162 0
41156 41166 0.0
41156 41146 0
41156 41150 0
41156 41154 0
41156 41158 0
41156 41162 0
41160 41166 0.0
41160 41146 0
41160 41150 0
41160 41154 0
41160 41158 0
41160 41162 0
41164 41166 0.0
41164 41146 0
41164 41150 0
41164 41154 0
41164 41158 0
41164 41162 0

23 cong_state12_car
53 Car
16:25:00
00:05:00
41142 41146 4.16666666667
41142 41150 3.33333333333
41142 41154 3.33333333333
41142 41158 2.5
41142 41162 2.16666666667
41142 41166 130.5
41144 41166 0.0
41144 41146 0
41144 41150 0
41144 41154 0
41144 41158 0
41144 41162 0
41148 41166 0.0
41148 41146 0
41148 41150 0
41148 41154 0
41148 41158 0
41148 41162 0
41152 41166 0.0
41152 41146 0
41152 41150 0
41152 41154 0
41152 41158 0
41152 41162 0
41156 41166 0.0
41156 41146 0
41156 41150 0
41156 41154 0
41156 41158 0
41156 41162 0
41160 41166 0.0
41160 41146 0
41160 41150 0
41160 41154 0
41160 41158 0
41160 41162 0
41164 41166 0.0
41164 41146 0
41164 41150 0
41164 41154 0
41164 41158 0
41164 41162 0

24 cong_state12_truck
56 Truck
16:25:00
00:05:00
41142 41146 0
41142 41150 0
41142 41154 0
41142 41158 0
41142 41162 4.5
41142 41166 49.5
41144 41166 0.0
41144 41146 0
41144 41150 0
41144 41154 0
41144 41158 0
41144 41162 0
41148 41166 0.0
41148 41146 0
41148 41150 0
41148 41154 0
41148 41158 0
41148 41162 0
41152 41166 0.0
41152 41146 0
41152 41150 0
41152 41154 0
41152 41158 0
41152 41162 0
41156 41166 0.0
41156 41146 0
41156 41150 0
41156 41154 0
41156 41158 0
41156 41162 0
41160 41166 0.0
41160 41146 0
41160 41150 0
41160 41154 0
41160 41158 0
41160 41162 0
41164 41166 0.0
41164 41146 0
41164 41150 0
41164 41154 0
41164 41158 0
41164 41162 0

25 cong_state13_car
53 Car
16:30:00
00:05:00
41142 41146 4.16666666667
41142 41150 3.33333333333
41142 41154 3.33333333333
41142 41158 2.5
41142 41162 2.16666666667
41142 41166 130.5
41144 41166 0.0
41144 41146 0
41144 41150 0
41144 41154 0
41144 41158 0
41144 41162 0
41148 41166 0.0
41148 41146 0
41148 41150 0
41148 41154 0
41148 41158 0
41148 41162 0
41152 41166 0.0
41152 41146 0
41152 41150 0
41152 41154 0
41152 41158 0
41152 41162 0
41156 41166 0.0
41156 41146 0
41156 41150 0
41156 41154 0
41156 41158 0
41156 41162 0
41160 41166 0.0
41160 41146 0
41160 41150 0
41160 41154 0
41160 41158 0
41160 41162 0
41164 41166 0.0
41164 41146 0
41164 41150 0
41164 41154 0
41164 41158 0
41164 41162 0

26 cong_state13_truck
56 Truck
16:30:00
00:05:00
41142 41146 0
41142 41150 0
41142 41154 0
41142 41158 0
41142 41162 4.5
41142 41166 49.5
41144 41166 0.0
41144 41146 0
41144 41150 0
41144 41154 0
41144 41158 0
41144 41162 0
41148 41166 0.0
41148 41146 0
41148 41150 0
41148 41154 0
41148 41158 0
41148 41162 0
41152 41166 0.0
41152 41146 0
41152 41150 0
41152 41154 0
41152 41158 0
41152 41162 0
41156 41166 0.0
41156 41146 0
41156 41150 0
41156 41154 0
41156 41158 0
41156 41162 0
41160 41166 0.0
41160 41146 0
41160 41150 0
41160 41154 0
41160 41158 0
41160 41162 0
41164 41166 0.0
41164 41146 0
41164 41150 0
41164 41154 0
41164 41158 0
41164 41162 0

27 cong_state14_car
53 Car
16:35:00
00:05:00
41142 41146 4.16666666667
41142 41150 3.33333333333
41142 41154 3.33333333333
41142 41158 2.5
41142 41162 2.16666666667
41142 41166 130.5
41144 41166 0.0
41144 41146 0
41144 41150 0
41144 41154 0
41144 41158 0
41144 41162 0
41148 41166 0.0
41148 41146 0
41148 41150 0
41148 41154 0
41148 41158 0
41148 41162 0
41152 41166 0.0
41152 41146 0
41152 41150 0
41152 41154 0
41152 41158 0
41152 41162 0
41156 41166 0.0
41156 41146 0
41156 41150 0
41156 41154 0
41156 41158 0
41156 41162 0
41160 41166 0.0
41160 41146 0
41160 41150 0
41160 41154 0
41160 41158 0
41160 41162 0
41164 41166 0.0
41164 41146 0
41164 41150 0
41164 41154 0
41164 41158 0
41164 41162 0

28 cong_state14_truck
56 Truck
16:35:00
00:05:00
41142 41146 0
41142 41150 0
41142 41154 0
41142 41158 0
41142 41162 4.5
41142 41166 49.5
41144 41166 0.0
41144 41146 0
41144 41150 0
41144 41154 0
41144 41158 0
41144 41162 0
41148 41166 0.0
41148 41146 0
41148 41150 0
41148 41154 0
41148 41158 0
41148 41162 0
41152 41166 0.0
41152 41146 0
41152 41150 0
41152 41154 0
41152 41158 0
41152 41162 0
41156 41166 0.0
41156 41146 0
41156 41150 0
41156 41154 0
41156 41158 0
41156 41162 0
41160 41166 0.0
41160 41146 0
41160 41150 0
41160 41154 0
41160 41158 0
41160 41162 0
41164 41166 0.0
41164 41146 0
41164 41150 0
41164 41154 0
41164 41158 0
41164 41162 0

29 cong_state15_car
53 Car
16:40:00
00:05:00
41142 41146 4.16666666667
41142 41150 3.33333333333
41142 41154 3.33333333333
41142 41158 2.5
41142 41162 2.16666666667
41142 41166 130.5
41144 41166 0.0
41144 41146 0
41144 41150 0
41144 41154 0
41144 41158 0
41144 41162 0
41148 41166 0.0
41148 41146 0
41148 41150 0
41148 41154 0
41148 41158 0
41148 41162 0
41152 41166 0.0
41152 41146 0
41152 41150 0
41152 41154 0
41152 41158 0
41152 41162 0
41156 41166 0.0
41156 41146 0
41156 41150 0
41156 41154 0
41156 41158 0
41156 41162 0
41160 41166 0.0
41160 41146 0
41160 41150 0
41160 41154 0
41160 41158 0
41160 41162 0
41164 41166 0.0
41164 41146 0
41164 41150 0
41164 41154 0
41164 41158 0
41164 41162 0

30 cong_state15_truck
56 Truck
16:40:00
00:05:00
41142 41146 0
41142 41150 0
41142 41154 0
41142 41158 0
41142 41162 4.5
41142 41166 49.5
41144 41166 0.0
41144 41146 0
41144 41150 0
41144 41154 0
41144 41158 0
41144 41162 0
41148 41166 0.0
41148 41146 0
41148 41150 0
41148 41154 0
41148 41158 0
41148 41162 0
41152 41166 0.0
41152 41146 0
41152 41150 0
41152 41154 0
41152 41158 0
41152 41162 0
41156 41166 0.0
41156 41146 0
41156 41150 0
41156 41154 0
41156 41158 0
41156 41162 0
41160 41166 0.0
41160 41146 0
41160 41150 0
41160 41154 0
41160 41158 0
41160 41162 0
41164 41166 0.0
41164 41146 0
41164 41150 0
41164 41154 0
41164 41158 0
41164 41162 0

31 cong_state16_car
53 Car
16:45:00
00:05:00
41142 41146 4.16666666667
41142 41150 4.16666666667
41142 41154 5.0
41142 41158 4.16666666667
41142 41162 2.16666666667
41142 41166 175.243333333
41144 41166 0.0
41144 41146 0
41144 41150 0
41144 41154 0
41144 41158 0
41144 41162 0
41148 41166 0.0
41148 41146 0
41148 41150 0
41148 41154 0
41148 41158 0
41148 41162 0
41152 41166 0.0
41152 41146 0
41152 41150 0
41152 41154 0
41152 41158 0
41152 41162 0
41156 41166 0.0
41156 41146 0
41156 41150 0
41156 41154 0
41156 41158 0
41156 41162 0
41160 41166 0.0
41160 41146 0
41160 41150 0
41160 41154 0
41160 41158 0
41160 41162 0
41164 41166 0.0
41164 41146 0
41164 41150 0
41164 41154 0
41164 41158 0
41164 41162 0

32 cong_state16_truck
56 Truck
16:45:00
00:05:00
41142 41146 0
41142 41150 0
41142 41154 0
41142 41158 0
41142 41162 4.5
41142 41166 67.59
41144 41166 0.0
41144 41146 0
41144 41150 0
41144 41154 0
41144 41158 0
41144 41162 0
41148 41166 0.0
41148 41146 0
41148 41150 0
41148 41154 0
41148 41158 0
41148 41162 0
41152 41166 0.0
41152 41146 0
41152 41150 0
41152 41154 0
41152 41158 0
41152 41162 0
41156 41166 0.0
41156 41146 0
41156 41150 0
41156 41154 0
41156 41158 0
41156 41162 0
41160 41166 0.0
41160 41146 0
41160 41150 0
41160 41154 0
41160 41158 0
41160 41162 0
41164 41166 0.0
41164 41146 0
41164 41150 0
41164 41154 0
41164 41158 0
41164 41162 0

33 cong_state17_car
53 Car
16:50:00
00:05:00
41142 41146 4.16666666667
41142 41150 4.16666666667
41142 41154 5.0
41142 41158 4.16666666667
41142 41162 2.16666666667
41142 41166 175.243333333
41144 41166 0.0
41144 41146 0
41144 41150 0
41144 41154 0
41144 41158 0
41144 41162 0
41148 41166 0.0
41148 41146 0
41148 41150 0
41148 41154 0
41148 41158 0
41148 41162 0
41152 41166 0.0
41152 41146 0
41152 41150 0
41152 41154 0
41152 41158 0
41152 41162 0
41156 41166 0.0
41156 41146 0
41156 41150 0
41156 41154 0
41156 41158 0
41156 41162 0
41160 41166 0.0
41160 41146 0
41160 41150 0
41160 41154 0
41160 41158 0
41160 41162 0
41164 41166 0.0
41164 41146 0
41164 41150 0
41164 41154 0
41164 41158 0
41164 41162 0

34 cong_state17_truck
56 Truck
16:50:00
00:05:00
41142 41146 0
41142 41150 0
41142 41154 0
41142 41158 0
41142 41162 4.5
41142 41166 67.59
41144 41166 0.0
41144 41146 0
41144 41150 0
41144 41154 0
41144 41158 0
41144 41162 0
41148 41166 0.0
41148 41146 0
41148 41150 0
41148 41154 0
41148 41158 0
41148 41162 0
41152 41166 0.0
41152 41146 0
41152 41150 0
41152 41154 0
41152 41158 0
41152 41162 0
41156 41166 0.0
41156 41146 0
41156 41150 0
41156 41154 0
41156 41158 0
41156 41162 0
41160 41166 0.0
41160 41146 0
41160 41150 0
41160 41154 0
41160 41158 0
41160 41162 0
41164 41166 0.0
41164 41146 0
41164 41150 0
41164 41154 0
41164 41158 0
41164 41162 0

35 cong_state18_car
53 Car
16:55:00
00:05:00
41142 41146 4.16666666667
41142 41150 4.16666666667
41142 41154 5.0
41142 41158 4.16666666667
41142 41162 2.16666666667
41142 41166 175.243333333
41144 41166 0.0
41144 41146 0
41144 41150 0
41144 41154 0
41144 41158 0
41144 41162 0
41148 41166 0.0
41148 41146 0
41148 41150 0
41148 41154 0
41148 41158 0
41148 41162 0
41152 41166 0.0
41152 41146 0
41152 41150 0
41152 41154 0
41152 41158 0
41152 41162 0
41156 41166 0.0
41156 41146 0
41156 41150 0
41156 41154 0
41156 41158 0
41156 41162 0
41160 41166 0.0
41160 41146 0
41160 41150 0
41160 41154 0
41160 41158 0
41160 41162 0
41164 41166 0.0
41164 41146 0
41164 41150 0
41164 41154 0
41164 41158 0
41164 41162 0

36 cong_state18_truck
56 Truck
16:55:00
00:05:00
41142 41146 0
41142 41150 0
41142 41154 0
41142 41158 0
41142 41162 4.5
41142 41166 67.59
41144 41166 0.0
41144 41146 0
41144 41150 0
41144 41154 0
41144 41158 0
41144 41162 0
41148 41166 0.0
41148 41146 0
41148 41150 0
41148 41154 0
41148 41158 0
41148 41162 0
41152 41166 0.0
41152 41146 0
41152 41150 0
41152 41154 0
41152 41158 0
41152 41162 0
41156 41166 0.0
41156 41146 0
41156 41150 0
41156 41154 0
41156 41158 0
41156 41162 0
41160 41166 0.0
41160 41146 0
41160 41150 0
41160 41154 0
41160 41158 0
41160 41162 0
41164 41166 0.0
41164 41146 0
41164 41150 0
41164 41154 0
41164 41158 0
41164 41162 0

37 cong_state19_car
53 Car
17:00:00
00:05:00
41142 41146 4.16666666667
41142 41150 4.16666666667
41142 41154 5.0
41142 41158 4.16666666667
41142 41162 2.16666666667
41142 41166 175.243333333
41144 41166 0.0
41144 41146 0
41144 41150 0
41144 41154 0
41144 41158 0
41144 41162 0
41148 41166 0.0
41148 41146 0
41148 41150 0
41148 41154 0
41148 41158 0
41148 41162 0
41152 41166 0.0
41152 41146 0
41152 41150 0
41152 41154 0
41152 41158 0
41152 41162 0
41156 41166 0.0
41156 41146 0
41156 41150 0
41156 41154 0
41156 41158 0
41156 41162 0
41160 41166 0.0
41160 41146 0
41160 41150 0
41160 41154 0
41160 41158 0
41160 41162 0
41164 41166 0.0
41164 41146 0
41164 41150 0
41164 41154 0
41164 41158 0
41164 41162 0

38 cong_state19_truck
56 Truck
17:00:00
00:05:00
41142 41146 0
41142 41150 0
41142 41154 0
41142 41158 0
41142 41162 4.5
41142 41166 67.59
41144 41166 0.0
41144 41146 0
41144 41150 0
41144 41154 0
41144 41158 0
41144 41162 0
41148 41166 0.0
41148 41146 0
41148 41150 0
41148 41154 0
41148 41158 0
41148 41162 0
41152 41166 0.0
41152 41146 0
41152 41150 0
41152 41154 0
41152 41158 0
41152 41162 0
41156 41166 0.0
41156 41146 0
41156 41150 0
41156 41154 0
41156 41158 0
41156 41162 0
41160 41166 0.0
41160 41146 0
41160 41150 0
41160 41154 0
41160 41158 0
41160 41162 0
41164 41166 0.0
41164 41146 0
41164 41150 0
41164 41154 0
41164 41158 0
41164 41162 0

39 cong_state20_car
53 Car
17:05:00
00:05:00
41142 41146 4.16666666667
41142 41150 4.16666666667
41142 41154 5.0
41142 41158 4.16666666667
41142 41162 2.16666666667
41142 41166 175.243333333
41144 41166 0.0
41144 41146 0
41144 41150 0
41144 41154 0
41144 41158 0
41144 41162 0
41148 41166 0.0
41148 41146 0
41148 41150 0
41148 41154 0
41148 41158 0
41148 41162 0
41152 41166 0.0
41152 41146 0
41152 41150 0
41152 41154 0
41152 41158 0
41152 41162 0
41156 41166 0.0
41156 41146 0
41156 41150 0
41156 41154 0
41156 41158 0
41156 41162 0
41160 41166 0.0
41160 41146 0
41160 41150 0
41160 41154 0
41160 41158 0
41160 41162 0
41164 41166 0.0
41164 41146 0
41164 41150 0
41164 41154 0
41164 41158 0
41164 41162 0

40 cong_state20_truck
56 Truck
17:05:00
00:05:00
41142 41146 0
41142 41150 0
41142 41154 0
41142 41158 0
41142 41162 4.5
41142 41166 67.59
41144 41166 0.0
41144 41146 0
41144 41150 0
41144 41154 0
41144 41158 0
41144 41162 0
41148 41166 0.0
41148 41146 0
41148 41150 0
41148 41154 0
41148 41158 0
41148 41162 0
41152 41166 0.0
41152 41146 0
41152 41150 0
41152 41154 0
41152 41158 0
41152 41162 0
41156 41166 0.0
41156 41146 0
41156 41150 0
41156 41154 0
41156 41158 0
41156 41162 0
41160 41166 0.0
41160 41146 0
41160 41150 0
41160 41154 0
41160 41158 0
41160 41162 0
41164 41166 0.0
41164 41146 0
41164 41150 0
41164 41154 0
41164 41158 0
41164 41162 0

41 cong_state21_car
53 Car
17:10:00
00:05:00
41142 41146 4.16666666667
41142 41150 4.16666666667
41142 41154 5.0
41142 41158 4.16666666667
41142 41162 2.16666666667
41142 41166 223.423333333
41144 41166 0.0
41144 41146 0
41144 41150 0
41144 41154 0
41144 41158 0
41144 41162 0
41148 41166 0.0
41148 41146 0
41148 41150 0
41148 41154 0
41148 41158 0
41148 41162 0
41152 41166 0.0
41152 41146 0
41152 41150 0
41152 41154 0
41152 41158 0
41152 41162 0
41156 41166 0.0
41156 41146 0
41156 41150 0
41156 41154 0
41156 41158 0
41156 41162 0
41160 41166 0.0
41160 41146 0
41160 41150 0
41160 41154 0
41160 41158 0
41160 41162 0
41164 41166 0.0
41164 41146 0
41164 41150 0
41164 41154 0
41164 41158 0
41164 41162 0

42 cong_state21_truck
56 Truck
17:10:00
00:05:00
41142 41146 0
41142 41150 0
41142 41154 0
41142 41158 0
41142 41162 4.5
41142 41166 85.41
41144 41166 0.0
41144 41146 0
41144 41150 0
41144 41154 0
41144 41158 0
41144 41162 0
41148 41166 0.0
41148 41146 0
41148 41150 0
41148 41154 0
41148 41158 0
41148 41162 0
41152 41166 0.0
41152 41146 0
41152 41150 0
41152 41154 0
41152 41158 0
41152 41162 0
41156 41166 0.0
41156 41146 0
41156 41150 0
41156 41154 0
41156 41158 0
41156 41162 0
41160 41166 0.0
41160 41146 0
41160 41150 0
41160 41154 0
41160 41158 0
41160 41162 0
41164 41166 0.0
41164 41146 0
41164 41150 0
41164 41154 0
41164 41158 0
41164 41162 0

43 cong_state22_car
53 Car
17:15:00
00:05:00
41142 41146 4.16666666667
41142 41150 4.16666666667
41142 41154 5.0
41142 41158 4.16666666667
41142 41162 2.16666666667
41142 41166 223.423333333
41144 41166 0.0
41144 41146 0
41144 41150 0
41144 41154 0
41144 41158 0
41144 41162 0
41148 41166 0.0
41148 41146 0
41148 41150 0
41148 41154 0
41148 41158 0
41148 41162 0
41152 41166 0.0
41152 41146 0
41152 41150 0
41152 41154 0
41152 41158 0
41152 41162 0
41156 41166 0.0
41156 41146 0
41156 41150 0
41156 41154 0
41156 41158 0
41156 41162 0
41160 41166 0.0
41160 41146 0
41160 41150 0
41160 41154 0
41160 41158 0
41160 41162 0
41164 41166 0.0
41164 41146 0
41164 41150 0
41164 41154 0
41164 41158 0
41164 41162 0

44 cong_state22_truck
56 Truck
17:15:00
00:05:00
41142 41146 0
41142 41150 0
41142 41154 0
41142 41158 0
41142 41162 4.5
41142 41166 85.41
41144 41166 0.0
41144 41146 0
41144 41150 0
41144 41154 0
41144 41158 0
41144 41162 0
41148 41166 0.0
41148 41146 0
41148 41150 0
41148 41154 0
41148 41158 0
41148 41162 0
41152 41166 0.0
41152 41146 0
41152 41150 0
41152 41154 0
41152 41158 0
41152 41162 0
41156 41166 0.0
41156 41146 0
41156 41150 0
41156 41154 0
41156 41158 0
41156 41162 0
41160 41166 0.0
41160 41146 0
41160 41150 0
41160 41154 0
41160 41158 0
41160 41162 0
41164 41166 0.0
41164 41146 0
41164 41150 0
41164 41154 0
41164 41158 0
41164 41162 0

45 cong_state23_car
53 Car
17:20:00
00:05:00
41142 41146 4.16666666667
41142 41150 4.16666666667
41142 41154 5.0
41142 41158 4.16666666667
41142 41162 2.16666666667
41142 41166 223.423333333
41144 41166 0.0
41144 41146 0
41144 41150 0
41144 41154 0
41144 41158 0
41144 41162 0
41148 41166 0.0
41148 41146 0
41148 41150 0
41148 41154 0
41148 41158 0
41148 41162 0
41152 41166 0.0
41152 41146 0
41152 41150 0
41152 41154 0
41152 41158 0
41152 41162 0
41156 41166 0.0
41156 41146 0
41156 41150 0
41156 41154 0
41156 41158 0
41156 41162 0
41160 41166 0.0
41160 41146 0
41160 41150 0
41160 41154 0
41160 41158 0
41160 41162 0
41164 41166 0.0
41164 41146 0
41164 41150 0
41164 41154 0
41164 41158 0
41164 41162 0

46 cong_state23_truck
56 Truck
17:20:00
00:05:00
41142 41146 0
41142 41150 0
41142 41154 0
41142 41158 0
41142 41162 4.5
41142 41166 85.41
41144 41166 0.0
41144 41146 0
41144 41150 0
41144 41154 0
41144 41158 0
41144 41162 0
41148 41166 0.0
41148 41146 0
41148 41150 0
41148 41154 0
41148 41158 0
41148 41162 0
41152 41166 0.0
41152 41146 0
41152 41150 0
41152 41154 0
41152 41158 0
41152 41162 0
41156 41166 0.0
41156 41146 0
41156 41150 0
41156 41154 0
41156 41158 0
41156 41162 0
41160 41166 0.0
41160 41146 0
41160 41150 0
41160 41154 0
41160 41158 0
41160 41162 0
41164 41166 0.0
41164 41146 0
41164 41150 0
41164 41154 0
41164 41158 0
41164 41162 0

47 cong_state24_car
53 Car
17:25:00
00:05:00
41142 41146 4.16666666667
41142 41150 4.16666666667
41142 41154 5.0
41142 41158 4.16666666667
41142 41162 2.16666666667
41142 41166 223.423333333
41144 41166 0.0
41144 41146 0
41144 41150 0
41144 41154 0
41144 41158 0
41144 41162 0
41148 41166 0.0
41148 41146 0
41148 41150 0
41148 41154 0
41148 41158 0
41148 41162 0
41152 41166 0.0
41152 41146 0
41152 41150 0
41152 41154 0
41152 41158 0
41152 41162 0
41156 41166 0.0
41156 41146 0
41156 41150 0
41156 41154 0
41156 41158 0
41156 41162 0
41160 41166 0.0
41160 41146 0
41160 41150 0
41160 41154 0
41160 41158 0
41160 41162 0
41164 41166 0.0
41164 41146 0
41164 41150 0
41164 41154 0
41164 41158 0
41164 41162 0

48 cong_state24_truck
56 Truck
17:25:00
00:05:00
41142 41146 0
41142 41150 0
41142 41154 0
41142 41158 0
41142 41162 4.5
41142 41166 85.41
41144 41166 0.0
41144 41146 0
41144 41150 0
41144 41154 0
41144 41158 0
41144 41162 0
41148 41166 0.0
41148 41146 0
41148 41150 0
41148 41154 0
41148 41158 0
41148 41162 0
41152 41166 0.0
41152 41146 0
41152 41150 0
41152 41154 0
41152 41158 0
41152 41162 0
41156 41166 0.0
41156 41146 0
41156 41150 0
41156 41154 0
41156 41158 0
41156 41162 0
41160 41166 0.0
41160 41146 0
41160 41150 0
41160 41154 0
41160 41158 0
41160 41162 0
41164 41166 0.0
41164 41146 0
41164 41150 0
41164 41154 0
41164 41158 0
41164 41162 0

49 cong_state25_car
53 Car
17:30:00
00:05:00
41142 41146 4.16666666667
41142 41150 4.16666666667
41142 41154 5.0
41142 41158 4.16666666667
41142 41162 2.16666666667
41142 41166 223.423333333
41144 41166 0.0
41144 41146 0
41144 41150 0
41144 41154 0
41144 41158 0
41144 41162 0
41148 41166 0.0
41148 41146 0
41148 41150 0
41148 41154 0
41148 41158 0
41148 41162 0
41152 41166 0.0
41152 41146 0
41152 41150 0
41152 41154 0
41152 41158 0
41152 41162 0
41156 41166 0.0
41156 41146 0
41156 41150 0
41156 41154 0
41156 41158 0
41156 41162 0
41160 41166 0.0
41160 41146 0
41160 41150 0
41160 41154 0
41160 41158 0
41160 41162 0
41164 41166 0.0
41164 41146 0
41164 41150 0
41164 41154 0
41164 41158 0
41164 41162 0

50 cong_state25_truck
56 Truck
17:30:00
00:05:00
41142 41146 0
41142 41150 0
41142 41154 0
41142 41158 0
41142 41162 4.5
41142 41166 85.41
41144 41166 0.0
41144 41146 0
41144 41150 0
41144 41154 0
41144 41158 0
41144 41162 0
41148 41166 0.0
41148 41146 0
41148 41150 0
41148 41154 0
41148 41158 0
41148 41162 0
41152 41166 0.0
41152 41146 0
41152 41150 0
41152 41154 0
41152 41158 0
41152 41162 0
41156 41166 0.0
41156 41146 0
41156 41150 0
41156 41154 0
41156 41158 0
41156 41162 0
41160 41166 0.0
41160 41146 0
41160 41150 0
41160 41154 0
41160 41158 0
41160 41162 0
41164 41166 0.0
41164 41146 0
41164 41150 0
41164 41154 0
41164 41158 0
41164 41162 0

51 cong_state26_car
53 Car
17:35:00
00:05:00
41142 41146 4.16666666667
41142 41150 4.16666666667
41142 41154 5.0
41142 41158 4.16666666667
41142 41162 2.16666666667
41142 41166 272.333333333
41144 41166 0.0
41144 41146 0
41144 41150 0
41144 41154 0
41144 41158 0
41144 41162 0
41148 41166 0.0
41148 41146 0
41148 41150 0
41148 41154 0
41148 41158 0
41148 41162 0
41152 41166 0.0
41152 41146 0
41152 41150 0
41152 41154 0
41152 41158 0
41152 41162 0
41156 41166 0.0
41156 41146 0
41156 41150 0
41156 41154 0
41156 41158 0
41156 41162 0
41160 41166 0.0
41160 41146 0
41160 41150 0
41160 41154 0
41160 41158 0
41160 41162 0
41164 41166 0.0
41164 41146 0
41164 41150 0
41164 41154 0
41164 41158 0
41164 41162 0

52 cong_state26_truck
56 Truck
17:35:00
00:05:00
41142 41146 0
41142 41150 0
41142 41154 0
41142 41158 0
41142 41162 4.5
41142 41166 103.5
41144 41166 0.0
41144 41146 0
41144 41150 0
41144 41154 0
41144 41158 0
41144 41162 0
41148 41166 0.0
41148 41146 0
41148 41150 0
41148 41154 0
41148 41158 0
41148 41162 0
41152 41166 0.0
41152 41146 0
41152 41150 0
41152 41154 0
41152 41158 0
41152 41162 0
41156 41166 0.0
41156 41146 0
41156 41150 0
41156 41154 0
41156 41158 0
41156 41162 0
41160 41166 0.0
41160 41146 0
41160 41150 0
41160 41154 0
41160 41158 0
41160 41162 0
41164 41166 0.0
41164 41146 0
41164 41150 0
41164 41154 0
41164 41158 0
41164 41162 0

53 cong_state27_car
53 Car
17:40:00
00:05:00
41142 41146 4.16666666667
41142 41150 4.16666666667
41142 41154 5.0
41142 41158 4.16666666667
41142 41162 2.16666666667
41142 41166 272.333333333
41144 41166 0.0
41144 41146 0
41144 41150 0
41144 41154 0
41144 41158 0
41144 41162 0
41148 41166 0.0
41148 41146 0
41148 41150 0
41148 41154 0
41148 41158 0
41148 41162 0
41152 41166 0.0
41152 41146 0
41152 41150 0
41152 41154 0
41152 41158 0
41152 41162 0
41156 41166 0.0
41156 41146 0
41156 41150 0
41156 41154 0
41156 41158 0
41156 41162 0
41160 41166 0.0
41160 41146 0
41160 41150 0
41160 41154 0
41160 41158 0
41160 41162 0
41164 41166 0.0
41164 41146 0
41164 41150 0
41164 41154 0
41164 41158 0
41164 41162 0

54 cong_state27_truck
56 Truck
17:40:00
00:05:00
41142 41146 0
41142 41150 0
41142 41154 0
41142 41158 0
41142 41162 4.5
41142 41166 103.5
41144 41166 0.0
41144 41146 0
41144 41150 0
41144 41154 0
41144 41158 0
41144 41162 0
41148 41166 0.0
41148 41146 0
41148 41150 0
41148 41154 0
41148 41158 0
41148 41162 0
41152 41166 0.0
41152 41146 0
41152 41150 0
41152 41154 0
41152 41158 0
41152 41162 0
41156 41166 0.0
41156 41146 0
41156 41150 0
41156 41154 0
41156 41158 0
41156 41162 0
41160 41166 0.0
41160 41146 0
41160 41150 0
41160 41154 0
41160 41158 0
41160 41162 0
41164 41166 0.0
41164 41146 0
41164 41150 0
41164 41154 0
41164 41158 0
41164 41162 0

55 cong_state28_car
53 Car
17:45:00
00:05:00
41142 41146 4.16666666667
41142 41150 4.16666666667
41142 41154 5.0
41142 41158 4.16666666667
41142 41162 2.16666666667
41142 41166 272.333333333
41144 41166 0.0
41144 41146 0
41144 41150 0
41144 41154 0
41144 41158 0
41144 41162 0
41148 41166 0.0
41148 41146 0
41148 41150 0
41148 41154 0
41148 41158 0
41148 41162 0
41152 41166 0.0
41152 41146 0
41152 41150 0
41152 41154 0
41152 41158 0
41152 41162 0
41156 41166 0.0
41156 41146 0
41156 41150 0
41156 41154 0
41156 41158 0
41156 41162 0
41160 41166 0.0
41160 41146 0
41160 41150 0
41160 41154 0
41160 41158 0
41160 41162 0
41164 41166 0.0
41164 41146 0
41164 41150 0
41164 41154 0
41164 41158 0
41164 41162 0

56 cong_state28_truck
56 Truck
17:45:00
00:05:00
41142 41146 0
41142 41150 0
41142 41154 0
41142 41158 0
41142 41162 4.5
41142 41166 103.5
41144 41166 0.0
41144 41146 0
41144 41150 0
41144 41154 0
41144 41158 0
41144 41162 0
41148 41166 0.0
41148 41146 0
41148 41150 0
41148 41154 0
41148 41158 0
41148 41162 0
41152 41166 0.0
41152 41146 0
41152 41150 0
41152 41154 0
41152 41158 0
41152 41162 0
41156 41166 0.0
41156 41146 0
41156 41150 0
41156 41154 0
41156 41158 0
41156 41162 0
41160 41166 0.0
41160 41146 0
41160 41150 0
41160 41154 0
41160 41158 0
41160 41162 0
41164 41166 0.0
41164 41146 0
41164 41150 0
41164 41154 0
41164 41158 0
41164 41162 0

57 cong_state29_car
53 Car
17:50:00
00:05:00
41142 41146 4.16666666667
41142 41150 4.16666666667
41142 41154 5.0
41142 41158 4.16666666667
41142 41162 2.16666666667
41142 41166 272.333333333
41144 41166 0.0
41144 41146 0
41144 41150 0
41144 41154 0
41144 41158 0
41144 41162 0
41148 41166 0.0
41148 41146 0
41148 41150 0
41148 41154 0
41148 41158 0
41148 41162 0
41152 41166 0.0
41152 41146 0
41152 41150 0
41152 41154 0
41152 41158 0
41152 41162 0
41156 41166 0.0
41156 41146 0
41156 41150 0
41156 41154 0
41156 41158 0
41156 41162 0
41160 41166 0.0
41160 41146 0
41160 41150 0
41160 41154 0
41160 41158 0
41160 41162 0
41164 41166 0.0
41164 41146 0
41164 41150 0
41164 41154 0
41164 41158 0
41164 41162 0

58 cong_state29_truck
56 Truck
17:50:00
00:05:00
41142 41146 0
41142 41150 0
41142 41154 0
41142 41158 0
41142 41162 4.5
41142 41166 103.5
41144 41166 0.0
41144 41146 0
41144 41150 0
41144 41154 0
41144 41158 0
41144 41162 0
41148 41166 0.0
41148 41146 0
41148 41150 0
41148 41154 0
41148 41158 0
41148 41162 0
41152 41166 0.0
41152 41146 0
41152 41150 0
41152 41154 0
41152 41158 0
41152 41162 0
41156 41166 0.0
41156 41146 0
41156 41150 0
41156 41154 0
41156 41158 0
41156 41162 0
41160 41166 0.0
41160 41146 0
41160 41150 0
41160 41154 0
41160 41158 0
41160 41162 0
41164 41166 0.0
41164 41146 0
41164 41150 0
41164 41154 0
41164 41158 0
41164 41162 0

59 cong_state30_car
53 Car
17:55:00
00:05:00
41142 41146 4.16666666667
41142 41150 4.16666666667
41142 41154 5.0
41142 41158 4.16666666667
41142 41162 2.16666666667
41142 41166 272.333333333
41144 41166 0.0
41144 41146 0
41144 41150 0
41144 41154 0
41144 41158 0
41144 41162 0
41148 41166 0.0
41148 41146 0
41148 41150 0
41148 41154 0
41148 41158 0
41148 41162 0
41152 41166 0.0
41152 41146 0
41152 41150 0
41152 41154 0
41152 41158 0
41152 41162 0
41156 41166 0.0
41156 41146 0
41156 41150 0
41156 41154 0
41156 41158 0
41156 41162 0
41160 41166 0.0
41160 41146 0
41160 41150 0
41160 41154 0
41160 41158 0
41160 41162 0
41164 41166 0.0
41164 41146 0
41164 41150 0
41164 41154 0
41164 41158 0
41164 41162 0

60 cong_state30_truck
56 Truck
17:55:00
00:05:00
41142 41146 0
41142 41150 0
41142 41154 0
41142 41158 0
41142 41162 4.5
41142 41166 103.5
41144 41166 0.0
41144 41146 0
41144 41150 0
41144 41154 0
41144 41158 0
41144 41162 0
41148 41166 0.0
41148 41146 0
41148 41150 0
41148 41154 0
41148 41158 0
41148 41162 0
41152 41166 0.0
41152 41146 0
41152 41150 0
41152 41154 0
41152 41158 0
41152 41162 0
41156 41166 0.0
41156 41146 0
41156 41150 0
41156 41154 0
41156 41158 0
41156 41162 0
41160 41166 0.0
41160 41146 0
41160 41150 0
41160 41154 0
41160 41158 0
41160 41162 0
41164 41166 0.0
41164 41146 0
41164 41150 0
41164 41154 0
41164 41158 0
41164 41162 0

